-1.728101e-01
-5.081514e-02
-2.095340e-01
-9.851807e-02
-8.368213e-02
-2.471839e-01
-1.177810e-01
1.055864e-02
-2.230034e-01
-9.149176e-02
-6.477057e-02
-1.710080e-01
-7.667485e-02
-1.140894e-02
-1.851667e-01
-2.072552e-02
-9.006088e-03
-2.235945e-01
-3.687005e-02
-6.321366e-02
-2.292275e-01
-3.676210e-02
-9.348016e-02
-1.249823e-01
-7.275847e-02
-6.483048e-02
-9.098529e-02
-9.496414e-02
-1.232694e-01
-9.773379e-02
-5.856362e-02
-1.675059e-01
-7.835750e-02
-2.895115e-02
-1.017172e-01
-5.087960e-02
-9.519771e-03
-1.207144e-01
-9.038606e-02
9.872146e-03
-1.511534e-01
-3.456685e-02
2.712102e-02
-1.166891e-01
-7.829532e-02
-5.843429e-02
-2.342299e-01
-5.774976e-02
-6.161866e-02
-8.276294e-02
7.263010e-02
-5.648446e-02
-3.079988e-03
6.124612e-03
-1.126331e-01
-3.321323e-02
2.308033e-02
-8.087210e-02
2.438549e-02
8.665990e-02
2.332515e-03
-1.149709e-02
8.230724e-02
2.282456e-02
-3.644530e-03
1.266932e-01
4.163594e-02
-5.693527e-02
1.011309e-01
4.274118e-02
-8.287350e-02
5.612473e-02
2.568993e-02
-1.518897e-01
1.219897e-01
5.761572e-02
-1.382868e-01
1.954984e-01
1.306365e-01
-8.870489e-02
1.655880e-01
1.896097e-01
1.692219e-02
1.972653e-01
1.943488e-01
-5.468561e-02
1.726590e-01
1.809954e-01
1.346198e-02
8.908550e-02
2.296381e-01
-6.166526e-03
5.844115e-02
2.226923e-01
-5.650808e-02
3.721512e-02
1.858073e-01
-1.607920e-01
-2.819868e-02
1.479230e-01
-1.230763e-01
-5.847731e-02
1.439577e-01
-1.768154e-01
-6.602237e-02
1.288152e-01
-2.487904e-01
-7.561994e-02
7.334903e-02
-2.779827e-01
-1.480751e-01
5.098271e-02
-1.150736e-01
-1.710507e-01
2.200684e-02
-9.469460e-02
-2.093755e-01
-1.345539e-02
-1.638195e-01
-2.486339e-01
2.121565e-02
-6.464221e-03
-2.626336e-01
3.429122e-02
-4.847695e-02
-3.230043e-01
9.285211e-02
-8.066194e-02
-3.544530e-01
2.125053e-01
3.970463e-03
-2.925668e-01
2.000067e-01
1.490719e-01
-2.634875e-01
2.418686e-01
2.200457e-01
-2.711422e-01
2.214748e-01
1.486264e-01
-3.264207e-01
1.343339e-01
1.871685e-01
-4.171564e-01
-8.432099e-02
2.717093e-01
-4.267873e-01
-1.462743e-01
2.038604e-01
-3.608323e-01
-2.082744e-01
2.411433e-01
-2.558483e-01
-1.611243e-01
3.060708e-01
-1.946104e-01
-3.957958e-02
3.980405e-01
-1.930528e-01
-1.536028e-01
1.083178e-01
-1.254271e-01
-2.400332e-01
1.190852e-01
-5.468538e-02
-2.719918e-01
-1.547124e-02
-2.853129e-01
-2.297277e-01
-2.590026e-02
-3.174575e-01
-1.534689e-01
-1.608415e-01
-1.010249e-01
-2.313316e-01
-1.498508e-01
-6.598925e-02
-2.313484e-01
-9.525363e-02
-1.343984e-02
-2.490206e-01
-4.556214e-02
8.737613e-02
-2.519711e-01
-1.273643e-01
7.360897e-02
-1.215839e-01
-9.733869e-02
5.500206e-02
-9.847939e-02
-1.205010e-01
9.859451e-02
-1.139426e-01
-1.664106e-01
1.291539e-01
-1.463664e-01
-2.166283e-01
2.743760e-01
1.626793e-01
-1.898682e-01
-3.191756e-01
8.454135e-02
2.936407e-01
3.961539e-02
-2.087153e-01
1.546847e-01
4.599208e-02
-3.573098e-01
8.636880e-02
-1.351164e-01
-4.099621e-01
1.242232e-01
-2.539392e-02
-2.729243e-01
2.454915e-01
1.065361e-01
-3.016057e-01
5.441856e-02
1.637419e-01
-2.111670e-01
7.785829e-02
1.617620e-01
-5.513766e-02
8.065050e-02
2.300270e-01
1.731553e-02
1.184944e-01
4.033294e-01
9.213251e-02
2.261883e-01
3.548074e-01
1.525559e-01
1.373921e-01
4.145753e-01
4.522492e-02
1.327673e-01
2.813893e-01
-1.718308e-02
1.685755e-01
1.721225e-01
-5.649736e-02
2.754420e-01
2.134157e-01
-1.089767e-01
3.377356e-01
1.343771e-01
-1.623238e-01
3.463650e-01
7.231549e-02
-1.109824e-01
3.516884e-01
1.742391e-02
-9.281426e-02
4.137500e-01
-8.211626e-02
-2.878181e-01
3.815702e-01
-2.320515e-02
-2.623709e-01
2.522250e-01
4.611033e-02
-3.175748e-01
2.224288e-01
-1.075317e-02
-3.159889e-01
2.148606e-01
-1.249046e-01
-3.687472e-01
7.985938e-02
-1.632150e-03
-2.709146e-01
-3.245059e-02
-7.959596e-03
-2.922645e-01
4.250946e-03
2.040074e-02
-3.784271e-01
-1.597154e-01
-2.322452e-02
-2.633784e-01
-1.869777e-01
1.303037e-01
-2.954024e-01
-7.295562e-02
1.910738e-01
-2.358956e-01
-2.075363e-01
2.029941e-01
-2.438728e-01
-1.014338e-01
3.884320e-01
-8.565128e-02
-2.012755e-01
3.482689e-01
9.324359e-03
-2.036376e-01
2.506320e-01
5.731067e-02
-1.769088e-01
3.207758e-01
1.423379e-01
-1.455433e-01
3.273057e-01
1.847511e-01
-5.805226e-02
3.186892e-01
1.387063e-01
1.896339e-02
3.337514e-01
7.656977e-02
2.185040e-03
2.936424e-01
1.851979e-01
3.133750e-02
2.542045e-01
2.328853e-01
7.132881e-02
2.675859e-01
2.225240e-01
1.114695e-01
3.629892e-01
1.320082e-01
1.594858e-01
3.502293e-01
3.049156e-01
2.845894e-01
1.143405e-01
2.132094e-01
2.172572e-01
2.405842e-01
3.681226e-01
4.966881e-02
1.434614e-01
3.485823e-01
6.019367e-04
1.672800e-02
3.007155e-01
-8.012066e-02
-2.497335e-02
3.370642e-01
-1.552133e-01
-1.294398e-02
2.281246e-01
-2.016142e-01
-3.183091e-02
2.716585e-01
-3.181739e-01
-1.241351e-01
3.481287e-01
-2.856553e-01
-1.064847e-01
3.508853e-01
-2.320682e-01
-1.435388e-01
3.332538e-01
-1.621140e-01
-2.077675e-01
2.895767e-01
-1.014316e-01
-2.186614e-01
1.842420e-01
-6.181523e-02
-2.042903e-01
1.509767e-01
-7.529870e-02
-1.877287e-01
1.863472e-01
-1.354181e-01
-2.458545e-01
9.952206e-02
-1.354440e-01
-3.466755e-01
1.376581e-01
-2.000594e-01
-3.085524e-01
2.325158e-01
-1.294788e-01
-3.849721e-01
2.298785e-01
-5.133866e-02
-3.918829e-01
1.822906e-01
1.625723e-02
-4.539822e-01
2.340798e-01
3.574075e-02
-5.384937e-01
2.831903e-01
8.448943e-02
-4.743826e-01
2.656961e-01
1.036020e-02
-2.886850e-01
3.213877e-01
8.726846e-02
-3.472159e-01
3.656800e-01
-9.095007e-02
-4.007703e-01
4.369515e-01
-6.898160e-02
-3.066181e-01
4.013086e-01
1.274481e-02
-2.959307e-01
4.914468e-01
1.832754e-01
-3.231080e-01
4.752993e-01
2.949841e-01
-1.047108e-01
2.944090e-01
3.717038e-01
-1.832899e-02
3.303799e-01
2.021852e-01
1.612373e-01
3.107608e-01
2.406022e-01
2.043264e-01
2.298667e-01
1.639386e-01
3.444345e-01
3.103151e-01
5.406277e-02
3.144307e-01
3.575319e-01
-2.076227e-02
3.291880e-01
3.707899e-01
-8.582521e-02
2.002040e-01
3.591321e-01
-1.951878e-01
1.053425e-01
3.659199e-01
-2.742242e-01
6.284587e-02
2.122440e-01
-2.993557e-01
1.350878e-01
-7.819498e-02
-3.839448e-01
9.057345e-02
-5.378494e-03
-4.405514e-01
-3.872361e-02
1.893667e-02
-3.521751e-01
-1.953267e-01
-5.788739e-02
-3.038837e-01
-2.187519e-01
-1.358738e-01
-3.018301e-01
-2.065993e-01
-2.520181e-01
-2.799935e-01
-2.304551e-01
-2.675792e-01
-2.558862e-01
-5.115493e-02
-2.913009e-01
-2.268170e-01
7.507552e-02
-4.380385e-01
-1.546958e-01
1.451437e-01
-3.164709e-01
-6.035327e-02
2.520840e-01
-3.183153e-01
3.192141e-02
1.289190e-01
-3.568834e-01
2.150897e-02
2.414298e-02
-3.461541e-01
1.347475e-01
-9.443041e-02
-4.137554e-01
2.152452e-01
-1.726782e-01
-3.651211e-01
3.311016e-02
-2.586149e-01
-3.133691e-01
-2.371278e-02
-4.354495e-01
-3.142498e-01
1.105480e-01
-4.157098e-01
-1.760015e-01
9.128169e-02
-3.856747e-01
-1.664688e-01
1.879905e-01
-4.315455e-01
-2.429155e-02
1.675607e-01
-4.582510e-01
9.758265e-02
2.283882e-01
-3.700167e-01
2.265292e-01
2.687945e-01
-4.528389e-01
1.463923e-01
3.681618e-01
-3.273323e-01
3.296503e-01
4.017717e-01
-1.776568e-01
3.881294e-01
2.470214e-01
-1.696850e-01
4.260232e-01
1.724181e-01
-2.008260e-01
4.415179e-01
1.563147e-01
-1.261218e-01
4.175857e-01
6.093742e-02
-8.772575e-02
5.367181e-01
9.458803e-02
2.928074e-02
4.867367e-01
1.352303e-01
1.355083e-01
4.148444e-01
1.065965e-01
1.531991e-01
4.693511e-01
-9.704448e-03
2.523023e-01
3.870232e-01
-8.649475e-02
1.799493e-01
4.243939e-01
-1.331614e-01
1.035162e-01
4.165065e-01
-2.400224e-01
2.353792e-02
2.884341e-01
-3.211361e-01
4.564915e-02
1.480303e-01
-3.349071e-01
1.617434e-01
1.523437e-01
-3.547316e-01
1.068867e-01
1.014373e-01
-4.344281e-01
4.956103e-02
1.908608e-01
-4.716326e-01
1.516025e-02
2.076788e-01
-4.357967e-01
-9.165230e-02
1.035701e-01
-5.080487e-01
-5.847460e-02
8.177497e-02
-3.908602e-01
-1.649724e-01
1.257012e-02
-4.719477e-01
-2.215965e-01
-3.451790e-02
-3.466376e-01
-2.778007e-01
1.177164e-01
-3.834661e-01
-3.207212e-01
2.379058e-01
-3.059695e-01
-3.191144e-01
2.433849e-01
-3.125406e-01
-1.408026e-01
2.374843e-01
-4.239386e-01
1.455602e-01
1.351217e-01
-3.953010e-01
1.831356e-01
1.179267e-01
-2.629117e-01
1.687967e-01
1.270802e-01
-2.672922e-01
2.454464e-01
2.038734e-01
-2.369276e-01
1.940943e-01
1.214853e-01
-1.770289e-01
2.297374e-01
1.775198e-01
-2.196833e-01
3.027878e-01
3.451181e-01
-1.359248e-01
3.111636e-01
2.020144e-01
-1.663384e-02
4.488734e-01
5.293499e-02
-2.350218e-02
4.503728e-01
-6.969636e-02
-4.271768e-02
3.714693e-01
-1.684470e-01
-6.489535e-02
3.481257e-01
-2.714578e-01
-1.757502e-01
2.787231e-01
-2.550969e-01
-1.951810e-01
1.620148e-01
-2.633866e-01
-2.995492e-01
1.373703e-01
-2.082203e-01
-3.708089e-01
-5.236978e-02
-3.876577e-01
-1.629433e-01
-5.422431e-02
-4.378328e-01
-9.560861e-02
-1.625499e-01
-3.298710e-01
9.763495e-02
-3.615585e-01
-6.229390e-02
2.324791e-01
-2.963561e-01
1.518582e-03
2.013716e-01
-2.399565e-01
7.117708e-02
2.663745e-01
-2.192769e-01
1.057410e-01
2.536772e-01
-2.718720e-01
2.260440e-01
2.041340e-01
-2.668324e-01
1.902748e-01
1.711336e-01
-2.308902e-01
2.871625e-01
1.543320e-01
-2.226056e-01
3.254296e-01
3.258968e-01
-2.261398e-01
2.166821e-01
2.192421e-01
-1.177821e-01
1.940030e-01
2.599139e-01
-1.006834e-01
2.396182e-01
2.580261e-01
-6.143320e-02
2.746901e-01
2.563625e-01
-1.144354e-02
3.483464e-01
2.356574e-01
-4.911496e-02
2.754088e-01
3.477049e-01
6.950825e-04
1.415612e-01
3.856432e-01
-9.101291e-02
1.027880e-01
3.940592e-01
-4.160842e-02
3.361629e-02
3.597056e-01
-4.041529e-02
7.587440e-02
2.946967e-01
-2.418813e-02
6.422448e-02
2.972837e-01
1.175406e-02
1.171463e-01
3.373330e-01
1.218100e-02
1.219394e-01
2.660857e-01
8.295672e-03
1.039248e-01
2.495799e-01
5.803329e-02
1.220458e-01
3.296513e-01
1.053282e-01
1.223152e-01
2.810381e-01
1.793261e-01
6.298382e-02
2.632768e-01
1.532581e-01
-5.881205e-03
2.495288e-01
1.072199e-01
-6.096244e-02
2.493215e-01
1.373109e-01
-1.434941e-01
2.564206e-01
1.124275e-01
-2.335469e-02
1.928849e-01
2.661802e-01
-1.426195e-01
1.486166e-01
2.315519e-01
-1.189722e-01
1.050799e-01
1.890870e-01
-1.589009e-01
1.508550e-01
1.453786e-01
-2.341217e-01
1.077816e-01
5.763504e-02
-2.441475e-01
1.894755e-01
2.412881e-02
-1.958444e-01
2.794207e-01
9.329360e-03
-1.245188e-01
2.897288e-01
-2.576326e-02
-1.765412e-01
3.542428e-01
-4.570831e-02
-1.334013e-01
2.918944e-01
-1.394093e-01
-9.739864e-02
2.098380e-01
-1.897751e-01
-8.672384e-03
1.365795e-01
-1.450183e-01
-1.891150e-02
1.753211e-01
-1.132180e-01
-5.060856e-02
1.967333e-01
-6.002466e-02
-7.752618e-02
1.314486e-01
-1.347479e-01
-1.682222e-01
1.183307e-01
-2.431854e-01
-1.010078e-02
6.844874e-02
-3.179476e-01
9.072252e-02
2.394345e-02
-3.032098e-01
5.478095e-02
8.725194e-02
-2.692232e-01
1.059661e-01
1.167907e-01
-1.900634e-01
1.443264e-01
6.790152e-02
-1.519008e-01
1.993326e-01
4.814574e-04
-1.096286e-01
2.239632e-01
-1.606427e-02
-6.223637e-02
2.072797e-01
2.241645e-02
-1.869819e-02
1.467529e-01
-7.300892e-03
-3.948563e-02
1.470964e-01
7.757568e-03
-2.979178e-02
1.479314e-01
2.315434e-02
-6.518737e-02
1.402757e-01
4.357173e-02
-1.005221e-01
1.623479e-01
1.228316e-01
-4.197653e-02
1.725709e-01
1.319478e-01
-4.800028e-02
8.521351e-02
1.405907e-01
-3.607504e-02
7.334636e-02
9.320942e-02
-2.231112e-02
5.703581e-02
6.889201e-02
1.061234e-02
6.305917e-02
1.015743e-01
3.236826e-02
2.031503e-02
8.228597e-02
6.504421e-02
7.956423e-02
5.197314e-02
9.582924e-02
1.049179e-01
3.765843e-02
3.286178e-02
1.103498e-01
7.745651e-02
2.917775e-03
9.497758e-02
7.176937e-02
3.213070e-02
1.009822e-01
1.610067e-02
-5.918185e-03
5.961322e-02
1.668728e-02
-5.856124e-02
6.202403e-02
4.830494e-03
-6.169892e-02
5.083444e-02
1.082836e-02
-5.826136e-02
2.919195e-02
2.591391e-02
-5.091965e-02
2.833475e-02
4.948551e-02
-6.850458e-02
2.867565e-02
5.204876e-02
-4.559071e-02
4.014558e-02
2.307109e-02
-3.705157e-02
6.350727e-02
9.404627e-03
-1.058830e-02
2.895961e-03
9.920321e-03
-2.905805e-02
2.274756e-02
7.006450e-03
-6.269263e-02
1.728927e-02
5.463699e-02
2.636650e-02
-3.536302e-02
-2.466195e-02
-5.101019e-02
5.766246e-02
5.238345e-03
6.255242e-03
1.795123e-02
4.276622e-02
-6.511205e-02
2.964627e-03
3.325783e-02
-4.399699e-02
3.555828e-02
6.890442e-02
-7.195900e-02
