-1.974628e-01
6.846264e-02
-1.684225e-01
-1.864192e-01
-7.353096e-03
-1.621922e-01
-1.466520e-01
1.614576e-02
-2.086874e-01
-1.190022e-01
-4.567418e-02
-1.644295e-01
-1.041707e-01
-7.700245e-03
-1.760699e-01
-5.397348e-02
-1.031977e-02
-2.214061e-01
-7.676110e-02
-5.377641e-02
-2.243867e-01
-7.568807e-02
-6.735873e-02
-1.111037e-01
-1.050118e-01
-2.459725e-02
-7.153532e-02
-1.420786e-01
-6.893429e-02
-6.976567e-02
-1.049549e-01
-1.345454e-01
-5.783347e-02
-6.509391e-02
-8.142475e-02
-3.904757e-02
-5.633905e-02
-9.694865e-02
-8.020704e-02
-2.829689e-02
-1.405498e-01
-4.865852e-02
-7.425734e-03
-1.140163e-01
-9.609400e-02
-6.861295e-02
-2.333609e-01
-6.372651e-02
8.714266e-03
-1.335275e-01
5.564962e-02
4.385620e-03
-5.805334e-02
3.307354e-02
-1.319289e-02
-9.957360e-02
7.503357e-02
-6.483750e-02
-1.790946e-02
8.521711e-02
1.441521e-02
-4.327327e-03
7.935527e-02
4.942813e-02
-5.058945e-03
1.157192e-01
8.085285e-02
-5.202707e-02
9.045649e-02
9.229766e-02
-7.086244e-02
4.922304e-02
1.173622e-01
-1.399573e-01
1.003529e-01
1.637900e-01
-1.192776e-01
1.567881e-01
1.704186e-01
-3.964445e-02
1.593135e-01
2.426463e-01
3.384021e-02
1.433152e-01
2.650552e-01
-2.566681e-02
1.000344e-01
2.202356e-01
8.196204e-03
1.047475e-02
2.475764e-01
-2.309261e-02
-3.415190e-02
2.258794e-01
-7.665510e-02
-4.308340e-02
1.423948e-01
-1.880016e-01
-4.742517e-02
1.057393e-01
-1.480820e-01
-7.045310e-02
9.572319e-02
-1.982356e-01
-7.814194e-02
7.136194e-02
-2.674773e-01
-8.548759e-02
-5.377996e-03
-2.851189e-01
-1.437069e-01
1.019262e-02
-1.247760e-01
-1.759592e-01
-1.163880e-02
-9.755868e-02
-2.123562e-01
-4.152997e-02
-1.653351e-01
-2.474309e-01
4.994445e-03
-1.807110e-02
-2.734210e-01
2.451422e-02
-6.904540e-02
-3.279642e-01
7.967357e-02
-1.010162e-01
-3.575462e-01
1.891737e-01
-6.019549e-02
-2.984130e-01
1.928516e-01
4.366844e-02
-3.056360e-01
2.226210e-01
1.054673e-01
-3.294553e-01
1.488635e-01
1.343942e-01
-3.592768e-01
1.531392e-01
2.719788e-01
-3.439903e-01
-2.475051e-03
3.853567e-01
-2.976670e-01
-8.424504e-02
3.264681e-01
-2.427155e-01
-1.549055e-01
2.611281e-01
-2.735897e-01
-1.720886e-01
2.456559e-01
-2.029216e-01
-1.943583e-01
3.093104e-01
-1.644283e-01
-9.837903e-02
5.070701e-02
-2.364484e-01
-2.252267e-01
1.048674e-01
-1.673039e-01
-2.514984e-01
-2.441013e-02
-2.969100e-01
-2.067734e-01
-5.187583e-02
-3.250005e-01
-1.523816e-01
-1.604420e-01
-1.193575e-01
-2.200486e-01
-1.704476e-01
-8.803574e-02
-2.202304e-01
-1.191250e-01
-2.059878e-02
-2.335818e-01
-6.411671e-02
8.951686e-02
-2.344688e-01
-1.489204e-01
7.748174e-02
-1.106941e-01
-1.132521e-01
4.984238e-02
-8.757187e-02
-1.579439e-01
6.537249e-02
-9.975706e-02
-2.071913e-01
9.359228e-02
-1.510170e-01
-2.685569e-01
2.295183e-01
2.073278e-01
-2.359177e-01
-2.236652e-01
-3.507161e-02
7.747238e-02
2.452346e-01
-1.475725e-01
1.704998e-01
1.308375e-01
-3.055413e-01
2.353735e-01
-5.322830e-02
-3.802563e-01
1.555572e-01
-3.259375e-02
-2.969787e-01
1.099257e-01
1.590454e-01
-2.597482e-01
-2.432041e-02
2.010852e-01
-1.783072e-01
1.438005e-02
1.921013e-01
-4.485477e-02
6.825750e-02
2.202070e-01
1.380900e-03
1.436599e-01
3.677344e-01
8.757245e-02
2.148761e-01
3.436174e-01
1.869487e-01
9.959951e-02
3.943117e-01
7.090527e-02
5.789107e-02
2.910261e-01
-4.499268e-03
1.087554e-01
1.980612e-01
-7.203265e-04
2.174189e-01
2.601794e-01
1.500595e-02
3.032714e-01
2.103962e-01
-4.507385e-02
3.390710e-01
1.689073e-01
2.482146e-02
3.558012e-01
9.392381e-02
-4.314231e-02
4.214562e-01
3.384570e-02
-2.264951e-01
3.733211e-01
8.865407e-02
-2.230126e-01
2.646464e-01
9.315264e-02
-2.675905e-01
2.731948e-01
1.730967e-02
-2.950715e-01
2.445680e-01
-9.395803e-02
-3.426486e-01
1.094784e-01
-6.767829e-03
-2.612141e-01
8.484644e-03
2.904040e-03
-2.745995e-01
5.319871e-02
3.605417e-02
-3.935759e-01
-8.678899e-02
4.186986e-02
-2.657385e-01
-9.622536e-02
2.014998e-01
-2.689590e-01
2.141425e-02
2.343071e-01
-2.088009e-01
-2.469256e-01
1.736057e-01
-2.665814e-01
-1.159585e-01
3.592999e-01
-9.759371e-02
-1.734246e-01
3.558593e-01
1.021547e-02
-1.808042e-01
2.648217e-01
6.494020e-02
-1.614172e-01
3.286829e-01
1.645069e-01
-1.512447e-01
3.103987e-01
2.122424e-01
-7.712173e-02
2.931370e-01
1.486958e-01
-1.772550e-02
3.222430e-01
8.733045e-02
9.901729e-04
2.888145e-01
1.865044e-01
1.597899e-02
2.464250e-01
2.239399e-01
6.264473e-02
2.648767e-01
2.152628e-01
1.009681e-01
3.542591e-01
1.204507e-01
1.128417e-01
3.541845e-01
2.510583e-01
2.940160e-01
1.500970e-01
8.980577e-02
2.318894e-01
2.513166e-01
3.467031e-01
9.172977e-02
1.450964e-01
3.425746e-01
-2.356598e-03
2.204922e-02
2.941393e-01
-8.895751e-02
-8.555315e-04
3.245167e-01
-1.699471e-01
3.293242e-02
2.361621e-01
-1.979448e-01
-1.588880e-02
3.076140e-01
-2.975983e-01
-1.103855e-01
3.678347e-01
-2.613860e-01
-1.396626e-01
3.743889e-01
-2.018794e-01
-1.340185e-01
3.748282e-01
-1.121251e-01
-1.507539e-01
2.910943e-01
-1.148496e-01
-2.176584e-01
1.920749e-01
-6.745641e-02
-2.041533e-01
1.603523e-01
-8.370757e-02
-1.877481e-01
1.918202e-01
-1.361461e-01
-2.454951e-01
1.411600e-01
-1.926920e-01
-3.087310e-01
2.083069e-01
-2.158309e-01
-2.700472e-01
2.623637e-01
-1.409010e-01
-3.700609e-01
2.721405e-01
-6.513280e-02
-3.694001e-01
2.384255e-01
-1.353951e-03
-4.409623e-01
2.825317e-01
-3.625423e-02
-5.204680e-01
3.281485e-01
3.797836e-02
-4.610989e-01
2.941353e-01
3.404099e-02
-2.711788e-01
3.423457e-01
1.199424e-01
-3.259117e-01
4.396891e-01
-5.630117e-02
-3.308610e-01
4.639663e-01
-5.526141e-02
-2.524389e-01
4.287657e-01
4.963521e-02
-2.697632e-01
5.235383e-01
2.200186e-01
-2.551424e-01
4.577438e-01
3.161831e-01
-5.734133e-02
3.491401e-01
2.789870e-01
4.620336e-02
3.096487e-01
2.118463e-01
1.461997e-01
3.053951e-01
2.371570e-01
1.965841e-01
2.953918e-01
1.747102e-01
2.627910e-01
3.479021e-01
3.481348e-02
2.567990e-01
3.915124e-01
-5.119495e-02
2.720697e-01
3.865614e-01
-9.110964e-02
1.593579e-01
3.819285e-01
-1.980588e-01
4.651115e-02
3.828130e-01
-2.787346e-01
1.645065e-02
2.337353e-01
-3.183546e-01
-3.063673e-02
-1.211915e-01
-3.811098e-01
-2.610599e-02
-5.791938e-02
-4.192763e-01
-1.553650e-01
3.581790e-02
-3.204402e-01
-2.459302e-01
-3.981627e-02
-2.977249e-01
-2.251369e-01
-1.077954e-01
-3.173416e-01
-2.070578e-01
-2.472856e-01
-3.121843e-01
-1.522085e-01
-1.762010e-01
-3.360438e-01
-9.085623e-02
-1.622645e-01
-3.401031e-01
8.368956e-02
-3.908125e-01
-2.638062e-01
1.237156e-01
-2.989222e-01
-1.986684e-01
1.804737e-01
-3.411358e-01
-6.517011e-02
4.765411e-03
-3.526987e-01
-9.608531e-02
-8.094866e-02
-3.624165e-01
7.587485e-02
-1.120421e-01
-4.185536e-01
1.973244e-01
-1.745146e-01
-3.585319e-01
7.416115e-02
-2.592528e-01
-2.941987e-01
-4.813131e-03
-4.193207e-01
-2.596624e-01
1.096576e-01
-4.399153e-01
-1.536621e-01
1.095648e-01
-3.855491e-01
-1.019907e-01
1.844929e-01
-4.575363e-01
1.169862e-02
1.449079e-01
-4.747210e-01
9.209361e-02
1.703912e-01
-3.987395e-01
2.275390e-01
2.438433e-01
-4.557385e-01
1.503460e-01
3.611742e-01
-3.348022e-01
2.739522e-01
4.189657e-01
-2.255119e-01
3.557362e-01
2.615971e-01
-2.068949e-01
3.970553e-01
1.850300e-01
-2.282916e-01
4.189121e-01
1.977712e-01
-1.432521e-01
4.040575e-01
1.125040e-01
-7.236360e-02
5.122705e-01
1.741809e-01
2.226118e-02
4.750991e-01
1.389830e-01
1.118248e-01
3.999258e-01
1.543962e-01
1.564378e-01
4.631129e-01
2.450521e-02
2.471265e-01
3.866886e-01
-6.567610e-02
1.841839e-01
4.174376e-01
-1.137622e-01
1.161972e-01
3.971406e-01
-2.399060e-01
6.727712e-02
2.843206e-01
-2.884898e-01
1.369487e-01
1.747247e-01
-3.029132e-01
1.937025e-01
1.480423e-01
-3.366508e-01
1.505709e-01
1.112895e-01
-4.218712e-01
9.337417e-02
1.645490e-01
-4.672614e-01
4.050514e-02
1.643308e-01
-4.352712e-01
-8.095192e-02
4.157139e-02
-4.940205e-01
-4.828110e-02
4.247750e-02
-3.955497e-01
-1.029439e-01
-1.774454e-02
-4.729052e-01
-1.751487e-01
1.307687e-02
-3.428288e-01
-2.900559e-01
2.084004e-01
-3.904560e-01
-2.795485e-01
3.081450e-01
-3.281327e-01
-2.293895e-01
2.030367e-01
-3.437291e-01
-6.420399e-02
1.970922e-01
-4.116451e-01
1.794064e-01
1.506269e-01
-3.523989e-01
2.278769e-01
6.890176e-02
-2.446585e-01
1.994171e-01
6.811795e-02
-2.410169e-01
2.775143e-01
1.330120e-01
-2.017576e-01
2.453928e-01
5.349438e-02
-1.301560e-01
2.580235e-01
9.019176e-02
-1.598767e-01
3.419894e-01
2.497823e-01
-5.713464e-02
3.503912e-01
9.099520e-02
7.550597e-02
4.369483e-01
-4.273624e-02
9.842574e-02
4.257483e-01
-1.121914e-01
6.165632e-03
3.501211e-01
-1.916998e-01
-3.604114e-02
3.340409e-01
-2.513574e-01
-1.544280e-01
2.854728e-01
-2.975316e-01
-6.578353e-02
1.794447e-01
-3.413784e-01
-1.688064e-01
1.605659e-01
-3.249782e-01
-2.423920e-01
3.186014e-02
-4.188564e-01
-9.686942e-02
-3.938586e-02
-4.112177e-01
-1.221168e-01
-1.911160e-01
-3.481100e-01
8.066288e-02
-3.229574e-01
-7.815005e-02
2.669598e-01
-2.634899e-01
-1.233960e-02
2.237010e-01
-2.183804e-01
8.874792e-02
2.436709e-01
-2.361096e-01
1.112197e-01
2.474540e-01
-2.868340e-01
7.116119e-02
2.970603e-01
-2.297567e-01
9.642081e-02
1.669906e-01
-2.937748e-01
2.050749e-01
1.866390e-01
-2.823782e-01
2.708903e-01
3.629677e-01
-2.406202e-01
2.106115e-01
2.111582e-01
-1.452530e-01
1.922545e-01
2.494703e-01
-1.195490e-01
2.439170e-01
2.486374e-01
-9.876181e-02
2.649981e-01
2.555045e-01
-4.413676e-02
3.305602e-01
2.502441e-01
-2.394635e-02
2.563120e-01
3.472757e-01
1.085629e-02
1.482260e-01
3.765763e-01
-1.018275e-01
1.151142e-01
3.864504e-01
-5.083561e-02
3.482399e-02
3.554423e-01
-5.191266e-02
7.384405e-02
2.877785e-01
-3.580869e-02
5.733710e-02
2.895191e-01
-4.319621e-03
1.069763e-01
3.293094e-01
-4.869057e-03
1.177240e-01
2.572455e-01
-7.801112e-03
1.140321e-01
2.405306e-01
4.232273e-02
1.589817e-01
2.996478e-01
9.802464e-02
1.169160e-01
2.976101e-01
1.444482e-01
6.198433e-02
2.752174e-01
1.179579e-01
-7.354776e-03
2.547773e-01
8.573505e-02
-5.817785e-02
2.458569e-01
1.232628e-01
-1.099424e-01
2.579590e-01
1.597209e-01
-9.471788e-02
1.872942e-01
2.146389e-01
-1.680919e-01
1.302421e-01
2.045000e-01
-1.205599e-01
1.004049e-01
1.796437e-01
-1.564074e-01
1.286107e-01
1.353267e-01
-2.328271e-01
1.215383e-01
4.469299e-02
-2.427173e-01
1.853218e-01
-1.755760e-02
-1.968088e-01
2.718666e-01
-3.941107e-02
-1.273321e-01
2.877979e-01
-2.511788e-02
-1.621716e-01
3.616166e-01
-3.777838e-02
-1.051493e-01
3.115358e-01
-1.365823e-01
-8.447470e-02
2.259571e-01
-1.883366e-01
-8.863751e-03
1.512260e-01
-1.343487e-01
-4.700500e-02
1.666202e-01
-9.373181e-02
-6.640792e-02
1.815789e-01
-2.796727e-02
-1.006904e-01
1.331368e-01
-9.621863e-02
-1.983304e-01
1.085247e-01
-2.224843e-01
-6.209870e-02
4.409223e-02
-3.146062e-01
3.750551e-02
1.506427e-03
-3.186671e-01
3.486560e-02
9.390847e-02
-2.821852e-01
6.311786e-02
8.109519e-02
-2.192392e-01
1.116886e-01
7.223532e-02
-1.747752e-01
1.547667e-01
-1.469271e-02
-1.645073e-01
1.785237e-01
-5.060681e-02
-1.277776e-01
1.920399e-01
-5.078738e-03
-8.387102e-02
1.275232e-01
-1.922600e-02
-7.902090e-02
1.270597e-01
1.299210e-02
-8.127011e-02
1.175591e-01
1.251240e-02
-1.079407e-01
1.095417e-01
3.469329e-02
-1.255107e-01
1.386821e-01
7.570827e-02
-9.301873e-02
1.706717e-01
1.312672e-01
-9.942806e-02
8.728161e-02
1.270247e-01
-5.432638e-02
8.480844e-02
8.762829e-02
-3.547715e-02
7.709823e-02
5.417484e-02
-5.780244e-03
9.219666e-02
8.090993e-02
1.242074e-02
4.274009e-02
8.701941e-02
4.047193e-02
9.218509e-02
8.484665e-02
5.442782e-02
1.119522e-01
6.258098e-02
7.021203e-03
1.205465e-01
8.175945e-02
-3.493700e-02
1.217150e-01
3.483740e-02
-1.610601e-02
8.291315e-02
2.274892e-02
-3.105917e-02
6.010879e-02
1.270138e-02
-4.120239e-02
5.125618e-02
1.591647e-02
-5.879517e-02
3.786726e-02
2.864705e-02
-7.416957e-02
2.860575e-02
3.603964e-02
-6.070452e-02
3.098501e-02
1.965345e-02
-5.068698e-02
4.695309e-02
3.882155e-02
-5.214731e-02
4.218517e-02
3.210303e-02
-3.272934e-02
4.243048e-02
2.114217e-02
-1.384141e-02
2.443093e-02
2.877517e-02
-1.076941e-02
3.256180e-02
-3.396141e-03
-2.400311e-02
2.357639e-02
6.809617e-03
-2.929509e-02
2.067351e-02
1.878182e-02
-3.154698e-02
2.191085e-03
2.055942e-02
-3.030781e-02
2.345745e-02
5.742328e-02
-2.781940e-02
3.686279e-02
5.625436e-02
-4.077087e-02
3.126538e-02
6.776186e-02
-6.329652e-02
