-2.515069e-01
3.081056e-02
-1.456053e-01
-2.200105e-01
-2.692250e-02
-1.805939e-01
-1.674682e-01
1.117064e-02
-1.653929e-01
-1.761661e-01
-6.054687e-02
-1.270103e-01
-1.472280e-01
-2.470107e-02
-1.385184e-01
-8.316085e-02
-3.779106e-02
-1.815526e-01
-9.347331e-02
-6.817687e-02
-1.474706e-01
-1.188214e-01
-3.588052e-02
-5.033088e-02
-1.151354e-01
2.796987e-02
-4.902475e-02
-1.489270e-01
3.147159e-03
-2.081806e-02
-1.249637e-01
4.521343e-02
2.715255e-02
-7.523982e-02
9.853836e-03
2.698779e-02
-1.044179e-01
-2.367193e-02
3.585462e-02
-5.447592e-02
-4.985277e-02
5.174629e-02
-4.887319e-02
-7.065795e-02
-1.489377e-02
-5.058439e-02
-1.538002e-01
3.325194e-02
4.538592e-02
-8.318881e-02
8.234651e-02
4.395669e-02
2.678154e-03
7.912123e-02
5.840723e-02
-1.564438e-02
1.160632e-01
-3.251391e-02
3.013079e-02
1.278361e-01
-2.420192e-02
9.437623e-02
5.960223e-02
4.745830e-03
9.658141e-02
9.369870e-02
5.345871e-02
1.265568e-01
8.470534e-02
9.814941e-02
9.892162e-02
1.046672e-01
9.778373e-02
1.013306e-01
1.684261e-01
1.301440e-01
1.679936e-01
1.259871e-01
2.041637e-01
9.430368e-02
1.219913e-01
2.770932e-01
1.517841e-01
8.830496e-02
2.871152e-01
8.845270e-02
4.855561e-02
2.416251e-01
6.705672e-02
-4.119523e-02
2.360178e-01
7.744422e-02
-9.971698e-02
2.107672e-01
8.185216e-02
-1.503325e-01
1.310228e-01
-1.693238e-01
1.941218e-02
1.092963e-01
-1.604137e-01
-1.501949e-02
1.163106e-01
-1.982371e-01
-2.128253e-02
1.203053e-01
-2.478108e-01
-4.563731e-02
5.511925e-02
-2.845940e-01
-7.900983e-02
3.107810e-02
-1.585317e-01
-1.382346e-01
-7.746758e-03
-1.540536e-01
-1.711648e-01
1.438341e-02
-1.974002e-01
-2.240857e-01
1.857009e-02
-1.008617e-01
-2.711866e-01
-1.665943e-02
-9.518246e-02
-3.349887e-01
-5.148497e-03
-1.360372e-01
-3.870276e-01
1.107915e-01
-9.482799e-02
-3.865708e-01
1.395620e-01
-5.351081e-03
-3.899000e-01
1.465530e-01
4.438380e-02
-4.243719e-01
1.196496e-01
1.427823e-01
-4.332618e-01
5.268080e-02
2.616355e-01
-4.475063e-01
-6.068158e-02
3.387719e-01
-4.375657e-01
-1.676606e-01
3.544385e-01
-3.673408e-01
-2.529809e-01
3.014946e-01
-3.302275e-01
-2.268321e-01
3.186036e-01
-2.452691e-01
-2.063974e-01
3.630228e-01
-1.821078e-01
-1.646272e-01
-1.701955e-02
-3.372010e-01
-2.352067e-01
7.182526e-02
-3.531198e-01
-2.689529e-01
-1.191787e-01
-3.732419e-01
-2.384704e-01
-1.594662e-01
-3.694080e-01
-1.618738e-01
-2.378966e-01
-1.224952e-01
-1.997273e-01
-2.618725e-01
-6.873088e-02
-1.951280e-01
-2.306440e-01
-1.266143e-02
-2.288710e-01
-1.696279e-01
5.075377e-02
-1.829264e-01
-1.959914e-01
1.399983e-01
-9.992166e-02
-1.859228e-01
6.024177e-02
-6.901506e-02
-2.214215e-01
6.597546e-02
-7.855066e-02
-2.730356e-01
6.423834e-02
-8.246035e-02
-3.705908e-01
1.428374e-01
2.399272e-01
-3.057753e-01
-2.533854e-01
4.948743e-02
1.610532e-01
2.718509e-01
-1.042759e-01
2.121643e-01
1.716674e-01
-4.404557e-01
2.166839e-01
-7.332776e-02
-3.661667e-01
2.542664e-01
1.372454e-02
-3.399019e-01
7.907020e-02
2.781469e-01
-2.684020e-01
-4.689612e-02
2.402615e-01
-2.082264e-01
-1.106487e-02
2.326421e-01
-9.633625e-02
5.020570e-03
2.707838e-01
-1.229479e-01
5.046904e-02
3.959778e-01
-3.045575e-02
5.465042e-02
4.487480e-01
1.393396e-01
1.109712e-01
4.423474e-01
6.771366e-02
1.566666e-01
3.231518e-01
-2.162913e-03
1.828752e-01
2.534764e-01
-2.387805e-02
2.486786e-01
3.045956e-01
-1.464644e-02
3.417847e-01
3.432388e-01
-9.219656e-02
3.625262e-01
3.220902e-01
-4.128805e-02
4.349076e-01
2.776843e-01
-1.392085e-01
5.005671e-01
1.659578e-01
-2.798388e-01
4.106361e-01
1.601666e-01
-3.032907e-01
2.754829e-01
1.132871e-01
-3.392398e-01
3.140577e-01
4.105811e-02
-4.257224e-01
2.279546e-01
6.919881e-03
-4.162989e-01
1.096724e-01
2.560483e-02
-3.327304e-01
2.238821e-03
3.169455e-03
-3.651269e-01
3.738370e-02
4.205464e-02
-4.560929e-01
-6.394094e-02
7.116381e-02
-3.389894e-01
-9.287726e-02
1.929003e-01
-3.107532e-01
1.023796e-02
2.316330e-01
-2.170542e-01
-2.856802e-01
2.146987e-01
-2.297104e-01
-2.458648e-01
4.390413e-01
-6.888495e-02
-1.841795e-01
4.422208e-01
3.288907e-02
-1.213532e-01
4.023883e-01
9.246866e-02
-1.420084e-01
4.314097e-01
1.283697e-01
-1.775145e-01
3.387041e-01
1.992126e-01
-1.291626e-01
2.940502e-01
2.178293e-01
-3.795690e-02
2.943040e-01
1.463857e-01
-2.308150e-02
3.266256e-01
1.702172e-01
6.342897e-02
2.961667e-01
2.322174e-01
4.319809e-02
3.638372e-01
2.304152e-01
1.233522e-01
3.803287e-01
1.987954e-01
1.261268e-01
4.421894e-01
3.080943e-01
4.002674e-01
2.066866e-01
2.259847e-01
2.911089e-01
3.017126e-01
3.887101e-01
-2.784276e-03
1.608454e-01
3.508084e-01
-5.070896e-02
2.095105e-02
2.694764e-01
-1.047664e-01
6.958852e-02
3.066019e-01
-1.633129e-01
5.274007e-02
2.879261e-01
-2.104548e-01
-3.177794e-02
3.535421e-01
-2.880860e-01
-9.042409e-02
3.410750e-01
-3.042343e-01
-1.788719e-01
4.026221e-01
-2.651301e-01
-1.810676e-01
4.252843e-01
-1.474240e-01
-1.331611e-01
3.377937e-01
-7.042285e-02
-1.635744e-01
2.553849e-01
-6.187729e-02
-1.702840e-01
2.022973e-01
-9.016446e-02
-2.065721e-01
2.379539e-01
-1.164541e-01
-1.912500e-01
1.932697e-01
-1.976726e-01
-2.451463e-01
1.926551e-01
-1.707738e-01
-3.205060e-01
2.874315e-01
-1.170186e-01
-3.125455e-01
2.981069e-01
-3.104192e-02
-3.130919e-01
2.933815e-01
-2.570306e-02
-4.072901e-01
3.402635e-01
-6.645727e-02
-5.110814e-01
3.950312e-01
1.392486e-02
-5.014855e-01
4.094770e-01
3.403927e-02
-3.402649e-01
4.451853e-01
9.763527e-02
-3.807749e-01
5.461882e-01
-3.531351e-02
-3.801034e-01
4.882584e-01
-1.039112e-01
-3.386579e-01
5.136903e-01
9.280349e-03
-2.599504e-01
6.163153e-01
1.111718e-01
-2.104971e-01
5.392043e-01
2.947262e-01
-4.572172e-02
4.408892e-01
2.693415e-01
5.468847e-02
4.139419e-01
2.397697e-01
1.636606e-01
4.354732e-01
2.312457e-01
2.107449e-01
3.446836e-01
1.766905e-01
2.211703e-01
3.993478e-01
5.158761e-02
2.174600e-01
4.116532e-01
-2.890227e-02
2.318248e-01
5.030567e-01
-4.795006e-02
1.418383e-01
4.823326e-01
-1.136226e-01
3.159082e-02
5.352376e-01
-1.717263e-01
2.266261e-02
4.211845e-01
-2.478718e-01
1.987910e-02
-1.574938e-01
-4.327797e-01
-8.648780e-02
-1.574063e-02
-4.995530e-01
-1.534375e-01
-3.084894e-02
-4.007827e-01
-2.938076e-01
-7.027747e-02
-3.303547e-01
-2.810055e-01
-1.437444e-01
-3.373198e-01
-2.645606e-01
-2.473029e-01
-3.367980e-01
-1.917785e-01
-1.674985e-01
-4.179779e-01
-1.637168e-01
-2.042678e-01
-3.596322e-01
-1.846499e-02
-3.901088e-01
-3.566804e-01
9.880845e-02
-3.087152e-01
-2.453392e-01
1.479653e-01
-4.136665e-01
-1.703793e-01
-1.528481e-01
-4.053213e-01
-1.139560e-01
-2.124675e-01
-4.671344e-01
2.087004e-02
-2.215109e-01
-4.809569e-01
1.277596e-01
-2.666317e-01
-4.114537e-01
1.554249e-01
-3.599881e-01
-3.153486e-01
6.921393e-02
-4.847630e-01
-2.646067e-01
1.231712e-01
-5.622093e-01
-1.751922e-01
1.444401e-01
-4.989759e-01
-1.095312e-01
1.661950e-01
-5.866815e-01
4.138676e-03
1.218370e-01
-5.895508e-01
1.147101e-01
1.117476e-01
-5.402845e-01
1.939666e-01
1.973336e-01
-5.377075e-01
2.870771e-01
3.058108e-01
-4.268536e-01
4.250013e-01
3.636394e-01
-3.618220e-01
4.907790e-01
2.842238e-01
-1.717709e-01
5.089582e-01
2.193786e-01
-2.234404e-01
5.245520e-01
1.740030e-01
-1.247401e-01
4.839806e-01
1.104784e-01
-7.870154e-02
5.774519e-01
1.489186e-01
4.521035e-02
5.965532e-01
1.064779e-01
1.411470e-01
5.089681e-01
1.067408e-01
1.498207e-01
5.061814e-01
-2.833762e-02
2.710315e-01
3.972829e-01
-1.162730e-01
2.477699e-01
4.501151e-01
-1.828158e-01
2.346673e-01
3.939575e-01
-2.861904e-01
2.464558e-01
2.866272e-01
-3.195668e-01
1.797629e-01
2.464872e-01
-4.427685e-01
1.713203e-01
2.122869e-01
-4.098811e-01
1.320333e-01
1.730365e-01
-5.066309e-01
8.060357e-02
2.061841e-01
-5.219469e-01
-1.328679e-03
1.469191e-01
-6.254411e-01
-5.225208e-02
5.349258e-02
-5.868627e-01
5.400583e-03
1.111658e-01
-4.872994e-01
-9.655627e-02
2.341746e-02
-5.089299e-01
-1.486551e-01
5.542550e-02
-4.633680e-01
-2.664542e-01
1.655507e-01
-4.441978e-01
-3.763443e-01
2.862279e-01
-4.095775e-01
-3.239973e-01
2.280557e-01
-3.983156e-01
-1.598001e-01
2.208498e-01
-4.303028e-01
2.210011e-01
1.378639e-01
-4.287872e-01
1.915379e-01
4.757071e-02
-3.254889e-01
1.929036e-01
6.586286e-03
-3.777984e-01
2.402280e-01
8.494089e-02
-3.213231e-01
2.639776e-01
1.872881e-02
-2.422858e-01
2.740348e-01
4.467041e-02
-2.472984e-01
3.275274e-01
1.321597e-01
-1.446220e-01
5.004063e-01
5.997125e-02
-1.876062e-02
6.099607e-01
-6.220326e-02
3.704613e-02
5.203816e-01
-1.324082e-01
-3.519349e-02
4.402751e-01
-1.737798e-01
-1.057002e-01
4.132823e-01
-2.806916e-01
-1.912266e-01
3.465608e-01
-3.391857e-01
-1.457887e-01
2.037131e-01
-4.869556e-01
-2.026869e-01
1.957382e-01
-4.761361e-01
-2.986670e-01
4.184070e-02
-5.459702e-01
-1.633989e-01
-3.101820e-02
-5.031752e-01
-1.172825e-01
-1.424856e-01
-3.482324e-01
1.004700e-01
-3.505903e-01
-1.458747e-02
3.461598e-01
-3.114307e-01
1.685338e-02
3.221482e-01
-2.821064e-01
9.407113e-02
3.048691e-01
-2.483279e-01
1.156706e-01
3.013365e-01
-3.147897e-01
1.951750e-01
3.282831e-01
-3.187122e-01
1.715570e-01
1.854441e-01
-3.002935e-01
2.481475e-01
2.037576e-01
-3.408006e-01
3.616014e-01
3.068160e-01
-2.858149e-01
2.351888e-01
2.566346e-01
-1.757238e-01
2.363254e-01
2.892970e-01
-1.438402e-01
2.861853e-01
2.672436e-01
-1.332271e-01
2.934847e-01
2.597009e-01
-7.574618e-02
3.680701e-01
2.970770e-01
-6.484110e-02
3.369050e-01
3.975380e-01
-1.486334e-02
2.347518e-01
4.174415e-01
-1.291189e-01
2.148262e-01
4.258093e-01
-6.228591e-02
1.453834e-01
4.059993e-01
-7.637228e-02
1.354711e-01
3.603969e-01
-1.943380e-02
1.110097e-01
3.484929e-01
-5.212847e-02
7.323624e-02
3.481146e-01
-7.952432e-03
1.056832e-01
2.995969e-01
-1.387466e-02
1.185107e-01
2.810999e-01
3.472871e-02
1.317585e-01
2.824711e-01
9.255833e-02
6.223095e-02
3.441491e-01
1.222447e-01
1.401793e-02
3.187876e-01
1.156295e-01
-3.269087e-02
2.764959e-01
1.048405e-01
-8.110923e-02
2.532605e-01
1.306617e-01
-1.377731e-01
2.599320e-01
1.431472e-01
-1.235190e-01
1.916597e-01
2.070839e-01
-2.083858e-01
1.720599e-01
2.142112e-01
-1.649053e-01
1.196076e-01
1.845976e-01
-2.149415e-01
1.194726e-01
1.536242e-01
-2.426004e-01
2.013801e-01
2.797694e-02
-2.618701e-01
2.698533e-01
-2.172762e-02
-2.085922e-01
3.354650e-01
-4.788405e-02
-1.392214e-01
3.558905e-01
-3.227154e-02
-1.469324e-01
4.184046e-01
-7.089285e-02
-7.934141e-02
3.536137e-01
-1.276937e-01
-5.062908e-02
2.723893e-01
-1.087073e-01
-2.393362e-02
1.996487e-01
-6.667038e-02
-6.442564e-02
1.692667e-01
-3.663149e-02
-1.371599e-01
1.574913e-01
-3.128894e-02
-1.344875e-01
1.476291e-01
-1.111607e-01
-2.009531e-01
1.635074e-01
-2.013823e-01
-1.470573e-01
1.125546e-01
-3.101768e-01
-6.001927e-02
8.136867e-02
-3.310414e-01
-3.294115e-03
1.487355e-01
-2.774699e-01
-3.963951e-02
1.521998e-01
-1.981717e-01
-3.356445e-02
9.469939e-02
-1.446113e-01
2.600856e-02
5.452945e-02
-2.019126e-01
6.140934e-02
2.162483e-02
-2.097411e-01
1.083846e-01
4.535741e-02
-1.879632e-01
9.094260e-02
7.215467e-02
-1.467318e-01
8.690391e-02
1.053772e-01
-1.186070e-01
7.098293e-02
1.138310e-01
-1.425620e-01
4.717277e-02
1.211323e-01
-1.227392e-01
9.524377e-02
1.415042e-01
-9.833585e-02
1.156915e-01
1.646494e-01
-8.241710e-02
1.313165e-01
8.726407e-02
-4.525638e-02
1.254997e-01
6.907806e-02
-2.782650e-02
1.015766e-01
5.779488e-02
1.361619e-02
1.315406e-01
5.947749e-02
8.514717e-03
1.170584e-01
6.972613e-03
-3.341282e-03
1.408216e-01
-3.676701e-02
-3.232998e-02
1.107568e-01
-4.217547e-02
-6.046590e-02
8.579970e-02
-5.518247e-02
-1.036842e-01
6.534234e-02
-5.994229e-02
-6.431880e-02
6.647830e-02
-2.316564e-02
-7.188228e-02
4.479314e-02
-9.439242e-03
-5.479104e-02
4.118326e-02
-4.509603e-03
-7.278734e-02
1.849259e-02
-3.294373e-03
-7.312520e-02
3.317002e-02
1.841640e-02
-7.502683e-02
2.668119e-02
2.064516e-02
-5.635953e-02
4.304595e-02
3.466803e-02
-6.233793e-02
5.319954e-02
1.571821e-02
-5.061642e-02
4.019664e-02
1.066142e-03
-2.557462e-02
4.721428e-02
2.292636e-02
-2.171178e-02
1.216709e-02
3.072082e-02
-2.681930e-02
1.822324e-02
4.409618e-02
-1.209029e-02
9.544738e-03
5.426658e-02
-1.986097e-02
1.530070e-02
6.575307e-02
-9.722603e-03
7.181106e-03
9.730035e-02
-2.555156e-02
3.024815e-02
8.858412e-02
-3.463165e-02
3.402308e-02
1.100254e-01
-4.198043e-02
