-2.514950e-01
3.070954e-02
-1.456908e-01
-2.199658e-01
-2.704734e-02
-1.806469e-01
-1.674833e-01
1.107929e-02
-1.654776e-01
-1.761083e-01
-6.070137e-02
-1.271452e-01
-1.472070e-01
-2.483741e-02
-1.386780e-01
-8.303981e-02
-3.790299e-02
-1.817318e-01
-9.339574e-02
-6.827444e-02
-1.476562e-01
-1.188062e-01
-3.596305e-02
-5.039496e-02
-1.151045e-01
2.779577e-02
-4.909166e-02
-1.488794e-01
3.018110e-03
-2.079930e-02
-1.250111e-01
4.505141e-02
2.708093e-02
-7.515433e-02
9.824538e-03
2.693828e-02
-1.043830e-01
-2.376398e-02
3.574013e-02
-5.450562e-02
-4.990498e-02
5.160245e-02
-4.882830e-02
-7.073186e-02
-1.499000e-02
-5.047771e-02
-1.538841e-01
3.321903e-02
4.541821e-02
-8.328745e-02
8.234998e-02
4.385411e-02
2.353445e-03
7.907015e-02
5.805673e-02
-1.564001e-02
1.162724e-01
-3.246831e-02
3.017385e-02
1.278869e-01
-2.429436e-02
9.415031e-02
5.961998e-02
4.779961e-03
9.646964e-02
9.348612e-02
5.346714e-02
1.265150e-01
8.458831e-02
9.808199e-02
9.874852e-02
1.045786e-01
9.765623e-02
1.013245e-01
1.683616e-01
1.301337e-01
1.677841e-01
1.263834e-01
2.040742e-01
9.394927e-02
1.220391e-01
2.770094e-01
1.516602e-01
8.855940e-02
2.870693e-01
8.836015e-02
4.874949e-02
2.416314e-01
6.705327e-02
-4.111324e-02
2.360789e-01
7.739875e-02
-9.964552e-02
2.108220e-01
8.181534e-02
-1.502570e-01
1.310625e-01
-1.693818e-01
1.934046e-02
1.093090e-01
-1.604834e-01
-1.507989e-02
1.163417e-01
-1.983036e-01
-2.134016e-02
1.202809e-01
-2.478533e-01
-4.569370e-02
5.516000e-02
-2.846046e-01
-7.903176e-02
3.115265e-02
-1.585352e-01
-1.383036e-01
-7.673904e-03
-1.541021e-01
-1.712411e-01
1.446179e-02
-1.974366e-01
-2.241277e-01
1.860199e-02
-1.008860e-01
-2.712586e-01
-1.667596e-02
-9.522944e-02
-3.350376e-01
-5.119563e-03
-1.360546e-01
-3.870918e-01
1.107901e-01
-9.475306e-02
-3.866442e-01
1.395833e-01
-5.283456e-03
-3.899327e-01
1.466371e-01
4.447213e-02
-4.243762e-01
1.197931e-01
1.429041e-01
-4.332162e-01
5.280565e-02
2.617273e-01
-4.474264e-01
-6.057070e-02
3.388971e-01
-4.374582e-01
-1.675535e-01
3.545700e-01
-3.672514e-01
-2.529261e-01
3.016329e-01
-3.302332e-01
-2.267890e-01
3.185689e-01
-2.452352e-01
-2.064009e-01
3.629808e-01
-1.820537e-01
-1.647134e-01
-1.683737e-02
-3.372494e-01
-2.353408e-01
7.208578e-02
-3.530528e-01
-2.691167e-01
-1.189517e-01
-3.733896e-01
-2.386381e-01
-1.592416e-01
-3.695562e-01
-1.619113e-01
-2.379552e-01
-1.223802e-01
-1.997970e-01
-2.618321e-01
-6.863983e-02
-1.951243e-01
-2.306517e-01
-1.255928e-02
-2.288578e-01
-1.696869e-01
5.094759e-02
-1.827450e-01
-1.959797e-01
1.401620e-01
-9.983577e-02
-1.859753e-01
6.032223e-02
-6.893743e-02
-2.215051e-01
6.598964e-02
-7.851777e-02
-2.731099e-01
6.426410e-02
-8.242798e-02
-3.705559e-01
1.429659e-01
2.399638e-01
-3.058808e-01
-2.532973e-01
4.954940e-02
1.609703e-01
2.718793e-01
-1.042933e-01
2.121778e-01
1.717376e-01
-4.405009e-01
2.173838e-01
-7.347353e-02
-3.662879e-01
2.542071e-01
1.374008e-02
-3.398905e-01
7.910527e-02
2.781331e-01
-2.683753e-01
-4.686365e-02
2.402119e-01
-2.082698e-01
-1.107958e-02
2.325952e-01
-9.635791e-02
5.007661e-03
2.707687e-01
-1.229636e-01
5.045940e-02
3.959225e-01
-3.049855e-02
5.471681e-02
4.487419e-01
1.394064e-01
1.110619e-01
4.422815e-01
6.767670e-02
1.568390e-01
3.232120e-01
-2.252542e-03
1.829504e-01
2.535105e-01
-2.401523e-02
2.487665e-01
3.046158e-01
-1.478288e-02
3.419422e-01
3.431606e-01
-9.229212e-02
3.626655e-01
3.219463e-01
-4.133268e-02
4.350160e-01
2.775397e-01
-1.391367e-01
5.005992e-01
1.656235e-01
-2.797993e-01
4.106502e-01
1.600632e-01
-3.032493e-01
2.754714e-01
1.132194e-01
-3.392229e-01
3.140473e-01
4.100268e-02
-4.256647e-01
2.279349e-01
6.841929e-03
-4.162660e-01
1.096627e-01
2.557464e-02
-3.327065e-01
2.198793e-03
3.122852e-03
-3.651051e-01
3.737737e-02
4.201790e-02
-4.560942e-01
-6.392676e-02
7.116084e-02
-3.389816e-01
-9.284786e-02
1.929097e-01
-3.107614e-01
1.028562e-02
2.316160e-01
-2.170104e-01
-2.856565e-01
2.147975e-01
-2.299130e-01
-2.457348e-01
4.390794e-01
-6.900994e-02
-1.841337e-01
4.422388e-01
3.279204e-02
-1.213429e-01
4.024130e-01
9.234087e-02
-1.420476e-01
4.314260e-01
1.282509e-01
-1.774736e-01
3.386696e-01
1.990737e-01
-1.291244e-01
2.939691e-01
2.178132e-01
-3.792065e-02
2.944233e-01
1.464197e-01
-2.306245e-02
3.268144e-01
1.701354e-01
6.343755e-02
2.962756e-01
2.322522e-01
4.329143e-02
3.638794e-01
2.303524e-01
1.234362e-01
3.803419e-01
1.988043e-01
1.261817e-01
4.422229e-01
3.081142e-01
4.002740e-01
2.066665e-01
2.259237e-01
2.911679e-01
3.016683e-01
3.887990e-01
-2.825240e-03
1.607257e-01
3.508729e-01
-5.068907e-02
2.083388e-02
2.695191e-01
-1.048096e-01
6.945065e-02
3.067002e-01
-1.633177e-01
5.264183e-02
2.880061e-01
-2.104737e-01
-3.185918e-02
3.536351e-01
-2.880601e-01
-9.053684e-02
3.412450e-01
-3.041656e-01
-1.789991e-01
4.027062e-01
-2.651287e-01
-1.811295e-01
4.253438e-01
-1.473746e-01
-1.332608e-01
3.378321e-01
-7.039407e-02
-1.636592e-01
2.554353e-01
-6.185637e-02
-1.703585e-01
2.023102e-01
-9.015993e-02
-2.066250e-01
2.380091e-01
-1.164697e-01
-1.912886e-01
1.933286e-01
-1.976847e-01
-2.451833e-01
1.927063e-01
-1.707953e-01
-3.205356e-01
2.875008e-01
-1.170067e-01
-3.125711e-01
2.980439e-01
-3.102105e-02
-3.131904e-01
2.934693e-01
-2.587802e-02
-4.074122e-01
3.403591e-01
-6.635813e-02
-5.112580e-01
3.950009e-01
1.410711e-02
-5.015522e-01
4.094577e-01
3.405806e-02
-3.402993e-01
4.451019e-01
9.768348e-02
-3.807660e-01
5.461734e-01
-3.525915e-02
-3.801654e-01
4.882941e-01
-1.038637e-01
-3.386567e-01
5.137384e-01
9.384890e-03
-2.600352e-01
6.162970e-01
1.113930e-01
-2.106252e-01
5.391360e-01
2.947857e-01
-4.567644e-02
4.408665e-01
2.693093e-01
5.473769e-02
4.138983e-01
2.397391e-01
1.637105e-01
4.354387e-01
2.312135e-01
2.107911e-01
3.446354e-01
1.766794e-01
2.212212e-01
3.993118e-01
5.157978e-02
2.175135e-01
4.115978e-01
-2.889892e-02
2.319032e-01
5.029706e-01
-4.803450e-02
1.419288e-01
4.822293e-01
-1.137162e-01
3.167514e-02
5.350755e-01
-1.718363e-01
2.280659e-02
4.210013e-01
-2.479519e-01
1.990587e-02
-1.575437e-01
-4.327436e-01
-8.642028e-02
-1.579584e-02
-4.995753e-01
-1.533354e-01
-3.092421e-02
-4.008308e-01
-2.937215e-01
-7.034162e-02
-3.303990e-01
-2.809511e-01
-1.437990e-01
-3.373508e-01
-2.644681e-01
-2.473477e-01
-3.367833e-01
-1.916614e-01
-1.675529e-01
-4.179806e-01
-1.636065e-01
-2.042887e-01
-3.596199e-01
-1.834237e-02
-3.901091e-01
-3.565363e-01
9.896228e-02
-3.086833e-01
-2.452152e-01
1.481162e-01
-4.137190e-01
-1.703066e-01
-1.527604e-01
-4.053842e-01
-1.138518e-01
-2.123406e-01
-4.671817e-01
2.100760e-02
-2.213639e-01
-4.809412e-01
1.278778e-01
-2.665230e-01
-4.114740e-01
1.553990e-01
-3.599430e-01
-3.153593e-01
6.919046e-02
-4.847150e-01
-2.646516e-01
1.231851e-01
-5.621720e-01
-1.752662e-01
1.445624e-01
-4.989267e-01
-1.095891e-01
1.663905e-01
-5.866024e-01
4.082638e-03
1.220533e-01
-5.895097e-01
1.146716e-01
1.118645e-01
-5.403097e-01
1.939305e-01
1.974508e-01
-5.376975e-01
2.869020e-01
3.060002e-01
-4.268093e-01
4.248374e-01
3.638173e-01
-3.617985e-01
4.907653e-01
2.843190e-01
-1.718180e-01
5.087997e-01
2.194810e-01
-2.235016e-01
5.245203e-01
1.740757e-01
-1.248351e-01
4.840141e-01
1.105052e-01
-7.878378e-02
5.773715e-01
1.490867e-01
4.516509e-02
5.965085e-01
1.064250e-01
1.410068e-01
5.089256e-01
1.068209e-01
1.497820e-01
5.061153e-01
-2.825304e-02
2.710221e-01
3.972312e-01
-1.162111e-01
2.477331e-01
4.500687e-01
-1.827669e-01
2.347648e-01
3.939115e-01
-2.861514e-01
2.465172e-01
2.865754e-01
-3.196544e-01
1.798772e-01
2.464372e-01
-4.428191e-01
1.712908e-01
2.122221e-01
-4.098604e-01
1.320440e-01
1.729016e-01
-5.065715e-01
8.057060e-02
2.060958e-01
-5.221605e-01
-1.290180e-03
1.468581e-01
-6.254147e-01
-5.245987e-02
5.344965e-02
-5.869914e-01
5.400225e-03
1.111109e-01
-4.872805e-01
-9.652338e-02
2.332457e-02
-5.088215e-01
-1.485996e-01
5.537912e-02
-4.633724e-01
-2.664402e-01
1.656160e-01
-4.442791e-01
-3.762454e-01
2.862875e-01
-4.096036e-01
-3.239329e-01
2.280759e-01
-3.983736e-01
-1.597387e-01
2.208883e-01
-4.303361e-01
2.208858e-01
1.378347e-01
-4.288519e-01
1.915693e-01
4.763313e-02
-3.255124e-01
1.929285e-01
6.658707e-03
-3.777595e-01
2.403135e-01
8.506346e-02
-3.213067e-01
2.639692e-01
1.888036e-02
-2.422384e-01
2.739945e-01
4.483960e-02
-2.472209e-01
3.274851e-01
1.326554e-01
-1.441343e-01
5.006678e-01
6.017692e-02
-1.850176e-02
6.099115e-01
-6.213790e-02
3.716830e-02
5.204083e-01
-1.323717e-01
-3.505973e-02
4.403045e-01
-1.737040e-01
-1.055690e-01
4.132883e-01
-2.806669e-01
-1.910558e-01
3.465774e-01
-3.393757e-01
-1.454845e-01
2.038251e-01
-4.869105e-01
-2.028306e-01
1.956996e-01
-4.761058e-01
-2.987285e-01
4.180247e-02
-5.459739e-01
-1.634756e-01
-3.103521e-02
-5.031558e-01
-1.173063e-01
-1.424726e-01
-3.482530e-01
1.004116e-01
-3.505739e-01
-1.463766e-02
3.459242e-01
-3.116397e-01
1.656987e-02
3.219789e-01
-2.820032e-01
9.412330e-02
3.047536e-01
-2.486304e-01
1.161676e-01
3.013914e-01
-3.144885e-01
1.947144e-01
3.287119e-01
-3.183388e-01
1.716189e-01
1.856982e-01
-3.002864e-01
2.480889e-01
2.040920e-01
-3.409762e-01
3.615347e-01
3.070189e-01
-2.858063e-01
2.352056e-01
2.566101e-01
-1.757232e-01
2.363456e-01
2.892769e-01
-1.437864e-01
2.861938e-01
2.671966e-01
-1.332088e-01
2.935070e-01
2.596265e-01
-7.572686e-02
3.680833e-01
2.970059e-01
-6.479247e-02
3.369167e-01
3.974487e-01
-1.477497e-02
2.347755e-01
4.173992e-01
-1.289726e-01
2.148342e-01
4.257343e-01
-6.214072e-02
1.453515e-01
4.058947e-01
-7.626359e-02
1.354947e-01
3.602878e-01
-1.933269e-02
1.110305e-01
3.483819e-01
-5.202595e-02
7.324308e-02
3.480025e-01
-7.870159e-03
1.057250e-01
2.994890e-01
-1.380572e-02
1.185366e-01
2.809761e-01
3.479341e-02
1.317997e-01
2.823176e-01
9.262222e-02
6.232539e-02
3.440472e-01
1.223279e-01
1.410182e-02
3.187029e-01
1.156963e-01
-3.266410e-02
2.764544e-01
1.048841e-01
-8.111634e-02
2.532555e-01
1.306665e-01
-1.377798e-01
2.599260e-01
1.431223e-01
-1.235575e-01
1.916605e-01
2.070648e-01
-2.084085e-01
1.719972e-01
2.141251e-01
-1.648843e-01
1.195993e-01
1.845761e-01
-2.149126e-01
1.193915e-01
1.535864e-01
-2.425747e-01
2.012770e-01
2.792590e-02
-2.618155e-01
2.697533e-01
-2.178842e-02
-2.085474e-01
3.353774e-01
-4.792912e-02
-1.391752e-01
3.557658e-01
-3.230960e-02
-1.468798e-01
4.183157e-01
-7.085835e-02
-7.919751e-02
3.536254e-01
-1.276630e-01
-5.061838e-02
2.723564e-01
-1.088506e-01
-2.390726e-02
1.996406e-01
-6.674795e-02
-6.439352e-02
1.692740e-01
-3.670332e-02
-1.371229e-01
1.573898e-01
-3.131067e-02
-1.344859e-01
1.475483e-01
-1.111729e-01
-2.008920e-01
1.634489e-01
-2.013430e-01
-1.470123e-01
1.125207e-01
-3.102009e-01
-5.998288e-02
8.125312e-02
-3.310676e-01
-3.228812e-03
1.486034e-01
-2.775955e-01
-3.970126e-02
1.521721e-01
-1.982165e-01
-3.344602e-02
9.465176e-02
-1.446935e-01
2.606643e-02
5.441313e-02
-2.019624e-01
6.148666e-02
2.151893e-02
-2.098188e-01
1.084340e-01
4.539939e-02
-1.879387e-01
9.102561e-02
7.213349e-02
-1.466680e-01
8.699307e-02
1.053250e-01
-1.185350e-01
7.102549e-02
1.137417e-01
-1.424746e-01
4.719077e-02
1.210800e-01
-1.227041e-01
9.528602e-02
1.414546e-01
-9.838398e-02
1.157026e-01
1.646009e-01
-8.246401e-02
1.312586e-01
8.724884e-02
-4.527924e-02
1.254291e-01
6.912693e-02
-2.778961e-02
1.014825e-01
5.785163e-02
1.364567e-02
1.314638e-01
5.953932e-02
8.559249e-03
1.169712e-01
7.017916e-03
-3.229016e-03
1.406891e-01
-3.661481e-02
-3.225346e-02
1.108452e-01
-4.265439e-02
-6.048024e-02
8.573785e-02
-5.529824e-02
-1.036802e-01
6.534748e-02
-5.986818e-02
-6.428324e-02
6.664390e-02
-2.305018e-02
-7.186573e-02
4.495067e-02
-9.349728e-03
-5.480687e-02
4.128340e-02
-4.450929e-03
-7.280205e-02
1.857710e-02
-3.322284e-03
-7.311832e-02
3.319522e-02
1.844252e-02
-7.502007e-02
2.665686e-02
2.064658e-02
-5.636846e-02
4.298088e-02
3.473495e-02
-6.231498e-02
5.320101e-02
1.582583e-02
-5.059804e-02
4.020768e-02
1.043304e-03
-2.561657e-02
4.717303e-02
2.290742e-02
-2.168371e-02
1.208869e-02
3.061329e-02
-2.681337e-02
1.816462e-02
4.403494e-02
-1.213296e-02
9.354819e-03
5.415166e-02
-1.981932e-02
1.522157e-02
6.569530e-02
-9.811295e-03
7.336595e-03
9.730576e-02
-2.554239e-02
3.019813e-02
8.834042e-02
-3.487915e-02
3.420868e-02
1.097608e-01
-4.214830e-02
